144
248
372
568
792
1064
1092
1475
1488
1497
1502
1915
2011
2310
2314
2318
2687
2730
2884
2897
2900
3142
3148
3155
3164
3173
3388
3432
3521
3522
3801
3852
4015
4061
4294
4301
4311
4390
4413
4512
4598
4650
5119
5208
5312
5416
5446
5680
5719
5778
5836
6067
6165
6220
6256
6258
6752
6753
6805
6902
7035
7050
7181
7183
7189
7194
7196
7221
7454
7822
8151
8180
8305
8310
8362
8393
8471
8541
8608
8785
8828
8985
9086
9685
9801
9891
9986
9987
10076
10141
10422
10429
10501
10645
11048
11208
11836
12026
12031
12244
12408
12454
12758
12767
12796
12812
12831
12852
12882
13080
13091
13095
13165
13189
13225
13237
13429
13860
13889
13947
13948
13955
14231
14236
14481
14552
14631
14868
15154
15240
15396
15401
15413
15414
15947
16244
16335
16338
16341
16349
16350
16381
16681
16975
17034
17136
17139
17145
17262
17642
17845
17853
17855
18103
18242
18430
18431
18654
18815
18902
18917
19036
19153
19234
19324
19337
19346
19412
19539
19540
19630
19767
19778
19854
20039
20101
20434
20603
20614
20619
20714
20828
20831
20862
20944
21018
21321
21467
21610
21626
21680
21691
21717
22074
22091
22140
22223
22244
22528
22536
22541
22936
22938
22961
23325
23469
23619
23743
23867
23872
23956
24046
24094
24324
24552
24920
24923
24929
24936
25301
25542
25545
25558
25634
25636
25969
26358
26361
26394
26398
26815
26976
27016
27140
27206
27215
27287
27413
27414
27423
27503
27604
27605
27709
27716
27881
28005
28097
28113
28162
28310
28366
28377
28423
28425
28433
28531
28652
28705
28909
28997
29002
29050
29211
29368
29377
29637
29737
29798
29941
29983
30115
30178
30182
30243
30246
30269
30381
30385
30510
30517
30585
30597
30928
30974
30999
31000
31006
31069
31088
31158
31357
31560
31565
31586
32133
32339
32639
32641
32646
32732
32778
32838
32840
33016
33089
33289
33567
33651
33914
33935
33985
34008
34013
34328
34330
34608
34629
34693
35036
35102
35106
35110
35124
35126
35158
35346
35507
35578
35590
35752
36043
36077
36117
36446
36448
36614
36642
36772
36774
36824
36831
37482
37483
37492
37562
37563
37594
37599
37615
37658
37750
37756
38126
38233
38284
38372
38389
38399
38526
38567
38606
38689
39012
39044
39274
39346
39421
39641
39718
39974
39978
40021
40318
40450
40567
40675
40677
40680
41009
41601
41611
41656
41793
41841
41972
41974
42018
42032
42576
42636
42708
42721
42948
43015
43025
43087
43218
43500
43518
43671
43688
43805
43918
43927
43935
44021
44549
44864
45092
45101
45107
45344
45388
45672
45997
46003
46191
46362
46569
46874
46881
46883
47209
47246
47415
47447
47586
47791
47853
48019
48040
48140
48153
48177
48209
48301
48464
48489
48722
48914
48918
48982
49164
49190
49319
49438
49565
49702
49831
49971
50103
50134
50264
50268
50604
50751
50754
51052
51053
51101
51196
51198
51236
51337
51383
51384
51495
51499
51570
51591
51663
51710
51795
52271
52339
52684
53055
53056
53058
53060
53062
53126
53130
53181
53184
53254
53261
53375
53679
53798
53983
54179
54190
54361
54391
54414
54429
54431
54522
54524
54672
54728
54731
54796
54799
55059
55063
55108
55183
55188
55247
55249
55251
55321
55400
55406
55443
55533
55630
55631
55667
55837
55956
56091
56113
56132
56133
56134
56531
56581
57006
57160
57198
57598
57640
57736
57780
57819
58155
58225
58282
58283
58460
58574
58630
58648
58756