368
440
1145
1146
1549
1688
2798
2800
4921
5399
5496
6134
6513
6747
6748
6753
6963
7245
7268
7400
7403
7865
7874
8697
8966
8984
9387
9397
9786
9918
9988
10622
11287
11439
11527
11545
11647
11692
12325
12425
12857
13225
13578
13687
14128
14205
14476
14798
14976
15170
15187
16974
17460
17715
17878
17970
18373
18643
18688
18800
18971
19120
19208
19521
19729
19954
20025
20528
20647
20776
20779
20897
21226
21337
21610
21625
21942
21949
22878
23930
24224
25476
25748
25788
26098
26132
26202
26302
26762
27075
27078
27116
27424
28012
28198
28458
29420
29856
30205
30217
30457
30552
31020
31351
31659
31753
32027
32334
32592
32660
32699
33230
33325
34843
35363
35447
35487
35590
36075
36539
36554
36913
37075
38068
38330
38370
38500
38527
38550
38992
39017
39331
39423
39800
39904
40025
40085
40187
40308
40606
41337
41616
41979
43188
43193
43245
43353
43637
43672
43965
43974
44016
44025
44385
44507
44527
44591
45114
46021
46329
46419
46686
46728
46855
47160
47398
47404
47973
48089
48097
48101
48201
48392
48583
48941
49524
49645
49868
50158
50443
50689
51118
51159
51383
51442
51526
52220
52257
53364
53709
54293
54431
55195
55257
55331
55476
55642
55738
55751
56331
56511
56612
56636
56760
56886
57297
57357
57394
57406
57683
57884
58019
58436