2
6
12
90
91
92
98
144
145
146
147
151
153
154
157
158
219
246
248
283
347
358
369
372
392
410
510
568
588
589
606
612
617
637
655
674
783
792
872
907
909
911
1064
1067
1075
1082
1092
1133
1151
1153
1155
1353
1355
1380
1381
1426
1430
1431
1433
1439
1441
1445
1446
1448
1452
1470
1471
1474
1475
1478
1483
1488
1491
1493
1497
1502
1561
1662
1696
1785
2011
2310
2314
2323
2363
2370
2377
2505
2509
2540
2541
2542
2544
2615
2619
2636
2648
2665
2677
2687
2688
2689
2712
2722
2725
2726
2730
2733
2769
2797
2803
2838
2884
2897
2900
2923
2929
2935
3018
3026
3047
3050
3054
3055
3058
3129
3140
3141
3142
3147
3148
3155
3156
3159
3164
3173
3181
3331
3337
3341
3343
3345
3348
3379
3386
3388
3397
3400
3402
3429
3430
3432
3440
3445
3454
3521
3522
3523
3544
3553
3559
3577
3617
3642
3644
3647
3653
3660
3667
3669
3670
3672
3683
3688
3695
3697
3701
3714
3718
3719
3786
3790
3800
3802
3807
3810
3819
3828
3832
3835
3845
3852
3868
3881
3891
3908
3914
3920
3921
3924
3942
3944
3946
3949
3950
3973
3976
3980
4015
4060
4061
4219
4283
4289
4294
4295
4299
4301
4308
4311
4322
4336
4342
4390
4413
4502
4507
4510
4602
4603
4615
4621
4622
4625
4639
4640
4643
4646
4648
4650
4652
4656
4660
4666
4856
4905
4909
4910
4915
5042
5045
5084
5208
5210
5211
5214
5312
5358
5366
5372
5376
5416
5502
5603
5672
5719
5760
5775
5778
5783
5836
5850
5852
5857
5858
5917
5955
6051
6056
6101
6102
6105
6129
6135
6193
6254
6256
6257
6261
6280
6634
6635
6638
6701
6752
6785
6786
6805
6847
6848
6851
6853
6854
6855
6856
6857
6858
6862
6865
6902
6934
6938
6940
6942
7035
7050
7059
7066
7146
7179
7181
7182
7183
7185
7187
7189
7196
7197
7198
7200
7202
7208
7209
7210
7216
7218
7221
7267
7272
7362
7385
7388
7404
7408
7409
7412
7429
7430
7432
7453
7594
7822
7824
7876
7968
8024
8027
8107
8180
8272
8277
8304
8309
8361
8364
8366
8372
8451
8453
8455
8457
8471
8480
8483
8541
8608
8640
8641
8644
8785
8798
8803
8828
8830
8831
8931
8933
8935
8940
8958
8961
8985
9086
9105
9173
9214
9293
9328
9334
9336
9338
9344
9345
9355
9495
9533
9621
9623
9627
9628
9685
9686
9689
9691
9694
9801
9837
9885
9889
9891
9892
9895
9899
9904
9986
9987
9991
9992
10011
10015
10022
10024
10025
10027
10028
10034
10036
10053
10076
10087
10140
10204
10205
10211
10326
10391
10396
10400
10422
10429
10446
10487
10501
10644
10645
10698
10699
10898
10900
10901
10903
11041
11208
11302
11321
11324
11327
11345
11354
11484
11487
11538
11579
11649
11654
11714
11745
11746
11754
11800
11801
11803
11820
11823
11824
11836
12026
12031
12055
12243
12247
12302
12303
12307
12319
12321
12408
12413
12417
12422
12433
12454
12557
12663
12664
12758
12762
12767
12787
12791
12795
12796
12798
12806
12812
12827
12831
12842
12858
12882
12913
12923
12928
12961
13036
13037
13080
13095
13165
13173
13207
13208
13237
13285
13295
13384
13429
13462
13555
13643
13718
13734
13735
13757
13758
13889
13910
13912
13914
13944
13946
13947
13948
13956
13962
14039
14153
14188
14211
14212
14216
14231
14237
14269
14360
14364
14366
14367
14371
14374
14375
14378
14380
14481
14485
14558
14576
14631
14705
14726
14728
14731
14853
14854
14859
14863
14865
14867
14868
14878
14880
14884
14932
14948
14953
14957
15100
15103
15150
15154
15157
15230
15233
15235
15236
15240
15243
15248
15261
15380
15385
15387
15389
15395
15396
15400
15401
15404
15413
15414
15457
15508
15640
15833
15849
15944
15950
16084
16100
16219
16242
16244
16280
16281
16282
16285
16325
16333
16338
16341
16349
16350
16381
16435
16498
16512
16517
16580
16681
16883
16975
17030
17031
17043
17103
17104
17131
17136
17139
17140
17141
17142
17144
17145
17262
17319
17370
17532
17642
17753
17754
17755
17845
17853
17855
17864
17975
17984
17985
18103
18104
18106
18115
18119
18160
18163
18167
18256
18286
18294
18314
18330
18430
18431
18467
18510
18654
18658
18660
18767
18860
18882
18884
18889
18915
18917
18920
18953
18959
18965
18997
19001
19010
19017
19035
19036
19159
19234
19246
19277
19285
19324
19337
19379
19409
19412
19422
19457
19482
19484
19539
19562
19567
19569
19578
19583
19588
19607
19619
19620
19625
19626
19629
19630
19631
19632
19635
19698
19734
19737
19778
19854
19867
19869
19918
19939
19945
20027
20029
20031
20033
20039
20044
20066
20077
20079
20101
20156
20162
20434
20534
20540
20558
20563
20591
20597
20601
20603
20604
20607
20608
20614
20615
20619
20711
20712
20713
20714
20715
20720
20722
20726
20828
20831
20844
20862
20880
20883
20886
20944
20953
20997
21013
21017
21045
21064
21101
21153
21155
21321
21336
21423
21430
21431
21434
21435
21438
21439
21467
21468
21517
21566
21569
21571
21585
21680
21687
21691
21694
21696
21698
21717
21783
21801
21802
21855
22074
22079
22091
22140
22206
22217
22223
22244
22357
22359
22524
22528
22530
22534
22536
22541
22792
22843
22854
22935
22936
22961
23324
23457
23469
23470
23506
23601
23743
23840
23842
23845
23853
23858
23860
23863
23864
23865
23866
23867
23872
23878
23879
23880
23882
23888
23935
23982
24046
24094
24132
24324
24331
24350
24351
24353
24358
24403
24463
24471
24552
24558
24559
24561
24674
24678
24690
24706
24714
24718
24898
24899
24914
24915
24916
24920
24923
24936
24942
24977
24981
25157
25159
25165
25282
25283
25422
25430
25431
25432
25477
25542
25558
25563
25564
25568
25581
25622
25623
25634
25636
25698
25720
25749
25780
25840
25957
25969
25985
25987
25990
26115
26128
26208
26233
26234
26348
26358
26361
26393
26394
26398
26401
26422
26425
26574
26580
26585
26730
26746
26751
26815
26822
26838
26901
26964
26976
26979
27016
27081
27082
27109
27110
27113
27114
27135
27140
27142
27143
27215
27223
27226
27244
27286
27287
27288
27353
27403
27405
27413
27476
27497
27503
27604
27605
27656
27661
27686
27691
27698
27705
27706
27709
27713
27714
27715
27716
27756
27881
28003
28005
28006
28007
28018
28097
28101
28162
28281
28285
28310
28332
28360
28365
28366
28372
28377
28381
28383
28390
28392
28423
28433
28440
28441
28450
28531
28535
28605
28630
28632
28637
28649
28652
28705
28773
28857
28868
28872
28873
28894
28897
28903
28904
28905
28908
28909
28910
28967
28997
29002
29016
29019
29023
29024
29082
29083
29115
29147
29151
29158
29159
29161
29178
29186
29187
29194
29197
29198
29199
29201
29203
29204
29211
29219
29223
29225
29230
29359
29368
29369
29377
29419
29424
29637
29702
29737
29798
29836
29841
29842
29843
29845
29848
29849
29852
29855
29857
29858
29859
29936
29941
29983
29985
29986
30041
30048
30066
30093
30097
30098
30101
30115
30178
30181
30182
30207
30240
30243
30269
30310
30315
30374
30381
30385
30509
30510
30557
30558
30597
30631
30636
30682
30884
30887
30890
30892
30898
30928
30929
30932
30933
30940
30943
30958
30974
30998
30999
31000
31006
31088
31158
31196
31198
31244
31330
31331
31347
31357
31359
31441
31453
31454
31458
31459
31547
31554
31560
31561
31565
31586
31636
32133
32304
32305
32322
32332
32339
32522
32641
32646
32696
32701
32730
32732
32733
32761
32771
32775
32776
32778
32837
32838
32840
32861
32862
32864
32893
32953
32996
33016
33089
33090
33104
33106
33108
33112
33153
33247
33249
33250
33289
33345
33346
33370
33373
33382
33383
33386
33388
33397
33503
33550
33562
33566
33567
33604
33651
33712
33914
33920
33921
33935
33969
33975
33980
33983
33985
33992
34008
34013
34107
34199
34328
34330
34356
34360
34361
34363
34391
34397
34451
34456
34459
34462
34484
34485
34486
34495
34499
34564
34579
34592
34608
34629
34630
34636
34638
34641
34642
34689
34691
34693
34747
34749
34751
34767
34820
34825
34828
34836
34938
34940
34944
35036
35096
35097
35098
35099
35102
35104
35105
35106
35108
35109
35110
35111
35112
35115
35124
35125
35126
35127
35133
35238
35346
35350
35352
35353
35355
35358
35449
35452
35578
35589
35650
35752
36043
36077
36108
36111
36117
36132
36154
36166
36167
36170
36240
36273
36352
36446
36448
36550
36604
36607
36612
36614
36615
36766
36771
36772
36773
36774
36785
36786
36788
36831
36860
36914
36917
36921
36923
36932
37030
37044
37055
37058
37064
37091
37109
37120
37122
37128
37173
37176
37201
37295
37428
37430
37452
37478
37479
37482
37483
37484
37490
37499
37561
37562
37563
37565
37588
37589
37596
37597
37599
37622
37623
37628
37658
37706
37750
37756
37895
37905
37909
38052
38054
38060
38126
38173
38174
38233
38279
38284
38372
38381
38389
38399
38410
38427
38543
38567
38586
38588
38600
38602
38606
38654
38685
38714
38719
38722
38725
38726
38728
38904
38912
38956
38957
38958
38963
38966
39012
39036
39044
39123
39124
39274
39276
39285
39290
39292
39293
39297
39342
39346
39352
39399
39401
39421
39453
39463
39485
39611
39718
39729
39732
39781
39785
39786
39788
39836
39845
39912
39955
39974
39977
39978
40243
40248
40250
40251
40254
40259
40264
40391
40396
40400
40407
40426
40448
40450
40468
40525
40537
40542
40584
40585
40599
40603
40609
40631
40680
40714
40870
40872
40911
40912
40985
40986
40988
40990
40994
40997
41004
41009
41019
41042
41044
41055
41128
41131
41132
41150
41161
41175
41176
41180
41202
41308
41311
41342
41424
41475
41492
41493
41495
41518
41524
41609
41611
41655
41656
41657
41722
41793
41814
41854
41861
41961
41962
41967
41972
41973
41974
42018
42030
42032
42049
42055
42077
42110
42136
42140
42181
42203
42207
42243
42244
42246
42247
42284
42305
42310
42344
42556
42576
42582
42588
42594
42598
42603
42609
42636
42721
42738
42759
42862
42937
42944
42948
43015
43025
43051
43053
43087
43218
43231
43265
43267
43299
43356
43360
43498
43499
43502
43510
43516
43518
43584
43620
43621
43623
43632
43634
43636
43671
43674
43683
43688
43805
43897
43910
43935
44021
44075
44153
44237
44239
44281
44311
44312
44313
44353
44355
44364
44366
44367
44388
44549
44646
44684
44864
44932
44968
44977
44978
44979
44980
45090
45092
45101
45107
45219
45220
45320
45344
45347
45388
45389
45534
45603
45672
45878
45879
45882
45997
46003
46013
46014
46117
46120
46142
46144
46191
46367
46368
46369
46370
46373
46385
46411
46416
46525
46527
46528
46530
46533
46553
46575
46578
46584
46625
46627
46681
46706
46719
46724
46725
46730
46736
46748
46767
46773
46775
46820
46823
46860
46874
46881
46882
46931
46934
46935
46945
46950
46954
47178
47181
47184
47209
47246
47400
47427
47428
47447
47459
47547
47603
47611
47717
47719
47774
47789
47791
47793
47853
48019
48047
48082
48140
48153
48177
48209
48211
48244
48301
48303
48313
48314
48446
48455
48464
48489
48494
48500
48514
48575
48579
48580
48585
48639
48640
48722
48784
48844
48905
48913
48914
48918
48922
48940
48982
49008
49015
49016
49024
49026
49043
49053
49144
49145
49147
49164
49201
49212
49214
49216
49319
49435
49519
49525
49565
49575
49590
49592
49614
49618
49620
49630
49635
49662
49668
49670
49702
49781
49831
49882
49888
49923
49971
49978
50036
50085
50129
50134
50137
50139
50141
50145
50147
50198
50231
50247
50260
50264
50268
50284
50404
50491
50522
50530
50604
50605
50607
50613
50641
50652
50671
50673
50674
50678
50691
50692
50751
50754
50755
50778
50781
50782
50786
50787
50848
50891
50892
50909
50926
50928
50945
50985
51046
51052
51053
51055
51056
51058
51091
51092
51114
51181
51225
51227
51232
51236
51258
51337
51364
51366
51368
51403
51404
51411
51437
51440
51499
51527
51529
51565
51570
51591
51680
51703
51710
51743
51748
51758
51795
51796
51868
51894
51897
51904
51945
51954
51956
51958
51983
51984
51987
51998
52094
52096
52143
52145
52159
52177
52186
52271
52300
52333
52334
52335
52338
52339
52342
52369
52402
52403
52407
52458
52490
52542
52543
52554
52632
52635
52654
52684
52704
52708
52775
52831
52834
52852
52859
52906
52950
52953
52955
52962
52979
52989
53053
53054
53055
53058
53062
53069
53071
53085
53101
53126
53133
53134
53135
53154
53159
53181
53184
53188
53189
53207
53212
53237
53238
53254
53261
53277
53287
53288
53290
53375
53430
53453
53455
53525
53533
53534
53536
53538
53540
53541
53550
53566
53570
53578
53583
53622
53623
53675
53679
53703
53730
53760
53797
53798
53819
53820
53821
53903
53906
53925
53958
53959
53961
53983
53997
54000
54005
54036
54038
54045
54046
54047
54055
54056
54091
54098
54100
54119
54120
54124
54125
54126
54128
54179
54190
54231
54232
54234
54238
54246
54307
54310
54327
54350
54361
54375
54378
54391
54422
54429
54483
54489
54516
54521
54522
54541
54542
54557
54561
54569
54576
54581
54680
54722
54728
54730
54731
54734
54796
54799
54820
54823
54824
54825
54829
54918
54920
54921
54922
54964
54965
54994
54995
55015
55028
55029
55032
55054
55059
55062
55063
55108
55146
55149
55166
55169
55170
55172
55188
55200
55202
55236
55246
55247
55249
55251
55260
55277
55318
55321
55368
55400
55406
55407
55417
55471
55480
55529
55531
55555
55591
55600
55630
55747
55753
55796
55837
55838
55840
55845
55881
55884
55885
55957
55970
56011
56015
56016
56020
56030
56033
56036
56069
56070
56088
56089
56091
56102
56103
56110
56113
56119
56128
56132
56133
56134
56226
56235
56314
56380
56383
56418
56436
56455
56531
56546
56581
56583
56586
56588
56613
56615
56619
56637
56641
56776
56867
56908
56935
56942
56949
56963
57004
57006
57020
57040
57045
57095
57099
57117
57149
57160
57165
57187
57198
57258
57417
57430
57432
57598
57607
57640
57674
57675
57677
57731
57733
57736
57752
57776
57780
57781
57819
57852
57858
57859
57881
57882
57886
58005
58008
58018
58048
58090
58091
58092
58093
58115
58116
58121
58155
58188
58225
58283
58320
58326
58376
58382
58414
58421
58430
58431
58434
58435
58456
58460
58484
58490
58491
58502
58504
58510
58525
58526
58560
58569
58572
58574
58584
58605
58608
58609
58630
58645
58648
58649
58716
58723
58732
58737
58756
58763
58771
58822
58845
58868
58882
58890
58896
58897
58906
58907