118
785
792
838
841
1225
2002
2039
2293
2295
2788
3968
4115
4235
5390
5795
5962
6021
6360
6638
6902
7324
7960
7963
8592
8720
8729
9405
10421
10429
10743
10761
10768
10771
10775
10779
10783
10786
10810
11417
11554
11691
11692
11694
11701
12086
12093
12101
12102
12106
12243
14260
14532
14764
14783
14789
14798
15006
15794
15835
16671
16691
17031
17204
17795
17820
18281
18643
18908
19046
19598
19602
19705
20814
21482
21624
22400
22585
22877
23102
23393
23397
23556
23569
26356
28062
28143
28694
29741
30254
30258
30265
30792
31033
31044
32219
32332
32334
32411
32416
32419
35037
35043
35681
36125
36132
36138
36502
36507
36853
38217
39570
40051
40052
40060
40061
40711
41040
41451
41610
43509
46078
48457
49862
50613
51990
55552
55566
55568
55574